
df_vbalance =
             日常  额外  抖音  固定  vcheck  income   支出  日均   盈余
日期
2021.11.15     0     0     0     0       0    4800      0     0   4800
2021.11.16   338   150     0     0       0    4800    488   244   4312
2021.11.17   438   150     0   600       0    4800   1188   396   3612
2021.11.18   438   150  1000   600       0    4800   2188   547   2612
2021.11.20   438   322  1000   600       0    4800   2360   393   2440
2021.11.21   568   322  1000   600       0    4800   2490   355   2310
2021.11.22   668   322  1000   600       0    4800   2590   323   2210
2021.11.23   768   522  1000   600       0    4800   2890   321   1910
2021.11.26   818   522  1000   600       0    4800   2940   245   1860
2021.11.27   818   722  1000   600       0    4800   3140   241   1660
2021.11.28   818  1551  1000  3030       0    4800   6399   457  -1599
2021.12.01   818  1551  1098  3030       0    4800   6497   382  -1697
2021.12.02   903  1551  1198  3030       0    4800   6682   371  -1882
2021.12.03  1096  1551  1306  3030       0    4800   6983   367  -2183
2021.12.04  1096  1551  1404  3030       0    4800   7081   354  -2281
2021.12.05  1096  1551  1804  3030       0    4800   7481   356  -2681
2021.12.07  1148  1551  1904  3030       0    4800   7633   331  -2833
2021.12.08  1148  1591  2304  3030       0    4800   8073   336  -3273
2021.12.09  1148  3931  2504  3030       0    4800  10613   424  -5813
2021.12.10  1148  3931  2602  3030       0    4800  10711   411  -5911
2021.12.11  1198  6116  2602  3030       0    4800  12946   479  -8146
2021.12.12  1198  6816  3802  3030       0    4800  14846   530 -10046
2021.12.13  1198  7041  3802  3030       0    4800  15071   519 -10271
2021.12.14  1606  7149  3802  3030       0    4800  15587   519 -10787
2021.12.15  1606  7149  3802  3030       0    4800  15587   502 -10787

df_abalance =
             vlend  招商  平安  余额宝  现金   农商  花呗  平安信  微粒  白条  信用消费  账户总额
日期
2021.11.15      0     0     0    4800  4800      0     0       0     0     0         0      4800
2021.11.16      0     0     0    4800  4800    488     0       0     0     0       488      4312
2021.11.17      0     0     0    4200  4200    588     0       0     0     0       588      3612
2021.11.18      0     0     0    4200  4200   1588     0       0     0     0      1588      2612
2021.11.20      0     0     0    4200  4200   1760     0       0     0     0      1760      2440
2021.11.21      0     0     0    4200  4200   1890     0       0     0     0      1890      2310
2021.11.22      0     0     0    4100  4100   1890     0       0     0     0      1890      2210
2021.11.23      0     0     0    3900  3900   1990     0       0     0     0      1990      1910
2021.11.26      0     0     0    3900  3900   2040     0       0     0     0      2040      1860
2021.11.27      0     0     0    3700  3700   2040     0       0     0     0      2040      1660
2021.11.28      0     0  -300    1570  1270   2040   829       0     0     0      2869     -1599
2021.12.01      0     0  -150    1570  1420   2138   829    -150     0     0      2817     -1397
2021.12.02      0     0  -150    1570  1420   2323   829    -150     0     0      3002     -1582
2021.12.03      0     0  -150    1570  1420   2624   829    -150     0     0      3303     -1883
2021.12.04      0     0  -150    1570  1420   2722   829    -150     0     0      3401     -1981
2021.12.05      0     0  -150    1570  1420   3122   829    -150     0     0      3801     -2381
2021.12.07      0     0  -150    1570  1420   3274   829    -150     0     0      3953     -2533
2021.12.08      0     0  -150    1570  1420   3714   829    -150     0     0      4393     -2973
2021.12.09      0     0  -150    1570  1420   6254   829    -150     0     0      6933     -5513
2021.12.10      0     0  -150    1570  1420   6352   829    -150     0     0      7031     -5611
2021.12.11      0     0  -150    1070   920   8087   829    -150     0     0      8766     -7846
2021.12.12      0     0  -150    1070   920   9987   829    -150     0     0     10666     -9746
2021.12.13      0     0  -150    1070   920  10212   829    -150     0     0     10891     -9971
2021.12.14      0     0  -150     662   512  10320   829    -150     0     0     10999    -10487
2021.12.15      0     0  -150    1862  1712  10320  -371    -150     0     0      9799     -8087