         日常    额外    抖音  固定  vcheck   income    支出  日均     盈余
日期
11.16   110.0     0.0   600.0  50.0   500.0      0.0  1260.0  1260  -1260.0
11.17  2274.0   622.0   810.0  50.0   500.0  18000.0  4256.0  2128  13744.0
11.19  2404.0   794.0   960.0  50.0   500.0  18000.0  4708.0  1177  13292.0
11.21  2404.0   794.0  1070.0  50.0   500.0  18000.0  4818.0   803  13182.0
11.22  2504.0  1494.0  1070.0  50.0   500.0  18000.0  5618.0   802  12382.0
11.27  2504.0  1694.0  1070.0  50.0   500.0  18000.0  5818.0   484  12182.0
11.28  2504.0  2524.0  1070.0  50.0   500.0  18000.0  6648.0   511  11352.0

        vlend     招商   平安  余额宝     现金     农商   花呗  平安信  微粒  白条  信用消费  账户总额
日期
11.16  4000.0 -11380.0  500.0 -4000.0 -14880.0  11950.0  190.0     0.0   0.0   0.0   12140.0  -27020.0
11.17  4000.0   6620.0  324.0 -4000.0   2944.0  12750.0  210.0  2000.0   0.0   0.0   14960.0  -12016.0
11.19  4000.0   6620.0  324.0 -4000.0   2944.0  13202.0  210.0  2000.0   0.0   0.0   15412.0  -12468.0
11.21  4000.0   6620.0  324.0 -4000.0   2944.0  13312.0  210.0  2000.0   0.0   0.0   15522.0  -12578.0
11.22  4000.0   6620.0  324.0 -4100.0   2844.0  14012.0  210.0  2000.0   0.0   0.0   16222.0  -13378.0
11.27  4000.0   6620.0  324.0 -4300.0   2644.0  14012.0  210.0  2000.0   0.0   0.0   16222.0  -13578.0
11.28  4000.0   6620.0  324.0 -4300.0   2644.0  14842.0  210.0  2000.0   0.0   0.0   17052.0  -14408.0